3)
a)
   0.0793
   0.3021
   0.3803
   0.3315
   0.7656
   1.2257
b)
  -2.0000
   3.0000
  -1.0000
   1.0000

c)
   0.7956
  -1.5309
   1.6103
   0.6176

4)
a)
L =

    1.0000         0         0         0         0
   -0.2105    1.0000         0         0         0
    0.1579   -0.6462    1.0000         0         0
    0.3158    0.3641    0.2650    1.0000         0
    0.6842   -0.3077    0.0654   -0.0019    1.0000


U =

   19.0000   42.0000  -17.0000  107.0000   44.0000
         0   10.2632   13.6316  -16.2105   -2.1053
         0   -0.0000    9.4051  -22.8872   -6.1282
         0         0         0  -19.3043   -5.6838
         0         0         0         0    0.0058


P =

     0     0     0     0     1
     1     0     0     0     0
     0     0     0     1     0
     0     0     1     0     0
     0     1     0     0     0


b)
  -73.0392
  -38.3235
  -14.3824
  -65.0490
  220.7745
